 01, 02, 03, 04, 05, 06, 07, 08,
 09, 10, 11, 12, 13, 14, 15, 16,
 17, 18, 19, 20, 21, 22, 23, 24,
 25, 26, 27, 28, 29, 30, 31, 32,
 33, 34, 35, 36, 37, 38, 39, 40,
 41, 42, 43, 44, 45, 46, 47, 48,
 49, 50, 51, 52, 53, 54, 55, 56,
 57, 58, 59, 60, 61, 62, 63, 64

 +06 NAO{1,2,9,10,17,18,25,26,33,34,41,42,49,50,57,58,59,60,61,62,63,64};
 +10 NAO{7,8,15,16,23,24,31,32,39,40,47,48,55,56,57,58,59,60,61,62,63,64};
 +15 NAO{1,9,17,25,33,41,>=49}
 +17 NAO{08,16,24,32,40,>=48}
 -06 NAO{<=8,15,16,23,24,31,32,39,40,47,48,55,56,63,64}
 -10 NAO{<=10,17,18,25,26,33,34,41,42,49,50,57,58}
 -15 NAO{<=16,24,32,40,48,56,64}
 -17 NAO{<=18,25,33,41,49,57}
 
13, 35, 24, 18, 14, 33, 27, 25,
17, 08, 39, 31, 46, 36, 43, 06, 
10, 62, 16, 59, 55, 12, 26, 01, 
04, 21, 19, 64, 61, 48, 47, 07, 
11, 57, 37, 52, 09, 03, 56, 34, 
15, 05, 51, 32, 28, 60, 54, 42, 
44, 30, 20, 23, 40, 58, 38, 45, 
41, 63, 29, 50, 02, 22, 53, 49,

01,24,39,36,11,22,49,34,
40,37,12,23,50,35,10,21,
13,02,25,38,57,64,33,48,
26,41,60,63,54,51,20,09,
03,14,53,56,61,58,47,32,
42,27,62,59,52,55,08,19,
15,04,29,44,17,06,31,46,
28,43,16,05,30,45,18,07